# OBJ generated by ONSHAPE BY PTC INC, 1.194 Units = meters
mtllib Shuttlecock41.mtl
g Part 2
v -0.300354 0.05 0.0496464 
v -0.300354 -0.05 0.0496464 
v -0.542184 -0.05 0.291477 
v -0.542184 0.05 0.291477 
v -0.541477 -0.05 0.292184 
v -0.541477 0.05 0.292184 
v -0.299646 -0.05 0.0503536 
v -0.299646 0.05 0.0503536 
vn -0.707107 4.32978e-17 -0.707107 
vn -0.707107 4.32978e-17 0.707107 
vn 0.707107 -4.32978e-17 0.707107 
vn 0.707107 -4.32978e-17 -0.707107 
vn 6.12323e-17 1 0 
vn -6.12323e-17 -1 0 
usemtl 0.647059_0.647059_0.647059_0.000000_0.000000
o mesh0
f 1//1 2//1 3//1 
f 3//1 4//1 1//1 
o mesh1
f 4//2 3//2 5//2 
f 5//2 6//2 4//2 
o mesh2
f 6//3 5//3 7//3 
f 7//3 8//3 6//3 
o mesh3
f 8//4 7//4 2//4 
f 2//4 1//4 8//4 
o mesh4
f 1//5 4//5 6//5 
f 6//5 8//5 1//5 
o mesh5
f 2//6 7//6 5//6 
f 5//6 3//6 2//6 
g Part 5
v -0.542184 -0.291477 0.05 
v -0.300354 -0.0496464 0.05 
v -0.300354 -0.0496464 -0.05 
v -0.542184 -0.291477 -0.05 
v -0.541477 -0.292184 -0.05 
v -0.541477 -0.292184 0.05 
v -0.299646 -0.0503536 -0.05 
v -0.299646 -0.0503536 0.05 
vn -0.707107 0.707107 1.29893e-16 
vn -0.707107 -0.707107 -1.29893e-16 
vn 0.707107 -0.707107 -1.29893e-16 
vn 0.707107 0.707107 1.29893e-16 
vn -1.12482e-32 -1.83697e-16 1 
vn 1.12482e-32 1.83697e-16 -1 
o mesh6
f 9//7 10//7 11//7 
f 11//7 12//7 9//7 
o mesh7
f 9//8 12//8 13//8 
f 13//8 14//8 9//8 
o mesh8
f 13//9 15//9 16//9 
f 16//9 14//9 13//9 
o mesh9
f 10//10 16//10 15//10 
f 15//10 11//10 10//10 
o mesh10
f 10//11 9//11 14//11 
f 14//11 16//11 10//11 
o mesh11
f 11//12 15//12 13//12 
f 13//12 12//12 11//12 
g Part 4
v -0.542184 -0.05 -0.291477 
v -0.300354 -0.05 -0.0496464 
v -0.300354 0.05 -0.0496464 
v -0.542184 0.05 -0.291477 
v -0.541477 0.05 -0.292184 
v -0.541477 -0.05 -0.292184 
v -0.299646 0.05 -0.0503536 
v -0.299646 -0.05 -0.0503536 
vn -0.707107 -4.32978e-17 0.707107 
vn -0.707107 1.29893e-16 -0.707107 
vn 0.707107 4.32978e-17 -0.707107 
vn 0.707107 -1.29893e-16 0.707107 
vn -6.12323e-17 -1 -1.22465e-16 
vn 6.12323e-17 1 1.22465e-16 
o mesh12
f 17//13 18//13 19//13 
f 19//13 20//13 17//13 
o mesh13
f 17//14 20//14 21//14 
f 21//14 22//14 17//14 
o mesh14
f 23//15 24//15 22//15 
f 22//15 21//15 23//15 
o mesh15
f 18//16 24//16 23//16 
f 23//16 19//16 18//16 
o mesh16
f 18//17 17//17 22//17 
f 22//17 24//17 18//17 
o mesh17
f 19//18 23//18 21//18 
f 21//18 20//18 19//18 
g Part 3
v -0.542184 0.291477 -0.05 
v -0.300354 0.0496464 -0.05 
v -0.300354 0.0496464 0.05 
v -0.542184 0.291477 0.05 
v -0.541477 0.292184 0.05 
v -0.541477 0.292184 -0.05 
v -0.299646 0.0503536 0.05 
v -0.299646 0.0503536 -0.05 
vn -0.707107 -0.707107 -4.32978e-17 
vn -0.707107 0.707107 4.32978e-17 
vn 0.707107 0.707107 4.32978e-17 
vn 0.707107 -0.707107 -4.32978e-17 
vn 3.7494e-33 6.12323e-17 -1 
vn -3.7494e-33 -6.12323e-17 1 
o mesh18
f 25//19 26//19 27//19 
f 27//19 28//19 25//19 
o mesh19
f 25//20 28//20 29//20 
f 29//20 30//20 25//20 
o mesh20
f 30//21 29//21 31//21 
f 31//21 32//21 30//21 
o mesh21
f 32//22 31//22 27//22 
f 27//22 26//22 32//22 
o mesh22
f 26//23 25//23 30//23 
f 30//23 32//23 26//23 
o mesh23
f 27//24 31//24 29//24 
f 29//24 28//24 27//24 
g Part 1
v -0.3 0.05 0.05 
v 3.06162e-18 0.05 0.05 
v 3.06162e-18 0.05 -0.05 
v -0.3 0.05 -0.05 
v -0.3 -0.05 0.05 
v -3.06162e-18 -0.05 0.05 
v -0.3 -0.05 -0.05 
v -3.06162e-18 -0.05 -0.05 
vn 6.12323e-17 1 -1.38778e-16 
vn 0 0 1 
vn -6.12323e-17 -1 1.38778e-16 
vn 0 0 -1 
vn -1 6.12323e-17 0 
vn 1 -6.12323e-17 0 
usemtl 0.615686_0.811765_0.929412_0.000000_0.000000
o mesh24
f 33//25 34//25 35//25 
f 35//25 36//25 33//25 
o mesh25
f 37//26 38//26 34//26 
f 34//26 33//26 37//26 
o mesh26
f 39//27 40//27 38//27 
f 38//27 37//27 39//27 
o mesh27
f 36//28 35//28 40//28 
f 40//28 39//28 36//28 
o mesh28
f 37//29 33//29 36//29 
f 36//29 39//29 37//29 
o mesh29
f 40//30 35//30 34//30 
f 34//30 38//30 40//30 
